70
NULL 0 Common 0
Joined 7 0,255,0,255,0,0,0,0,0,0 Latin 1 0 1 Joined	# Joined [4a 6f 69 6e 65 64 ]a
|Broken|0|1 15 0,255,0,255,0,0,0,0,0,0 Common 2 10 2 |Broken|0|1	# Broken
~ 0 0,255,0,255,0,0,0,0,0,0 Common 3 10 3 ~	# ~ [7e ]
A 5 0,255,0,255,0,0,0,0,0,0 Latin 25 0 4 A	# A [41 ]A
e 3 0,255,0,255,0,0,0,0,0,0 Latin 34 0 5 e	# e [65 ]a
y 3 0,255,0,255,0,0,0,0,0,0 Latin 45 0 6 y	# y [79 ]a
M 5 0,255,0,255,0,0,0,0,0,0 Latin 18 0 7 M	# M [4d ]A
f 3 0,255,0,255,0,0,0,0,0,0 Latin 40 0 8 f	# f [66 ]a
l 3 0,255,0,255,0,0,0,0,0,0 Latin 33 0 9 l	# l [6c ]a
O 5 0,255,0,255,0,0,0,0,0,0 Latin 23 0 10 O	# O [4f ]A
n 3 0,255,0,255,0,0,0,0,0,0 Latin 22 0 11 n	# n [6e ]a
4 8 0,255,0,255,0,0,0,0,0,0 Common 12 2 12 4	# 4 [34 ]0
/ 16 0,255,0,255,0,0,0,0,0,0 Common 13 6 13 /	# / [2f ]p
i 3 0,255,0,255,0,0,0,0,0,0 Latin 27 0 14 i	# i [69 ]a
: 16 0,255,0,255,0,0,0,0,0,0 Common 15 6 15 :	# : [3a ]p
\ 16 0,255,0,255,0,0,0,0,0,0 Common 16 10 16 \	# \ [5c ]p
; 16 0,255,0,255,0,0,0,0,0,0 Common 17 10 17 ;	# ; [3b ]p
m 3 0,255,0,255,0,0,0,0,0,0 Latin 7 0 18 m	# m [6d ]a
G 5 0,255,0,255,0,0,0,0,0,0 Latin 48 0 19 G	# G [47 ]A
C 5 0,255,0,255,0,0,0,0,0,0 Latin 20 0 20 C	# C [43 ]A
R 5 0,255,0,255,0,0,0,0,0,0 Latin 21 0 21 R	# R [52 ]A
N 5 0,255,0,255,0,0,0,0,0,0 Latin 11 0 22 N	# N [4e ]A
o 3 0,255,0,255,0,0,0,0,0,0 Latin 10 0 23 o	# o [6f ]a
d 3 0,255,0,255,0,0,0,0,0,0 Latin 38 0 24 d	# d [64 ]a
a 3 0,255,0,255,0,0,0,0,0,0 Latin 4 0 25 a	# a [61 ]a
T 5 0,255,0,255,0,0,0,0,0,0 Latin 51 0 26 T	# T [54 ]A
I 5 0,255,0,255,0,0,0,0,0,0 Latin 14 0 27 I	# I [49 ]A
S 5 0,255,0,255,0,0,0,0,0,0 Latin 28 0 28 S	# S [53 ]A
1 8 0,255,0,255,0,0,0,0,0,0 Common 29 2 29 1	# 1 [31 ]0
0 8 0,255,0,255,0,0,0,0,0,0 Common 30 2 30 0	# 0 [30 ]0
. 16 0,255,0,255,0,0,0,0,0,0 Common 31 6 31 .	# . [2e ]p
8 8 0,255,0,255,0,0,0,0,0,0 Common 32 2 32 8	# 8 [38 ]0
L 5 0,255,0,255,0,0,0,0,0,0 Latin 9 0 33 L	# L [4c ]A
E 5 0,255,0,255,0,0,0,0,0,0 Latin 5 0 34 E	# E [45 ]A
+ 0 0,255,0,255,0,0,0,0,0,0 Common 35 3 35 +	# + [2b ]
5 8 0,255,0,255,0,0,0,0,0,0 Common 36 2 36 5	# 5 [35 ]0
Z 5 0,255,0,255,0,0,0,0,0,0 Latin 37 0 37 Z	# Z [5a ]A
D 5 0,255,0,255,0,0,0,0,0,0 Latin 24 0 38 D	# D [44 ]A
X 5 0,255,0,255,0,0,0,0,0,0 Latin 47 0 39 X	# X [58 ]A
F 5 0,255,0,255,0,0,0,0,0,0 Latin 8 0 40 F	# F [46 ]A
U 5 0,255,0,255,0,0,0,0,0,0 Latin 68 0 41 U	# U [55 ]A
P 5 0,255,0,255,0,0,0,0,0,0 Latin 42 0 42 P	# P [50 ]A
H 5 0,255,0,255,0,0,0,0,0,0 Latin 52 0 43 H	# H [48 ]A
Q 5 0,255,0,255,0,0,0,0,0,0 Latin 44 0 44 Q	# Q [51 ]A
Y 5 0,255,0,255,0,0,0,0,0,0 Latin 6 0 45 Y	# Y [59 ]A
@ 16 0,255,0,255,0,0,0,0,0,0 Common 46 10 46 @	# @ [40 ]p
x 3 0,255,0,255,0,0,0,0,0,0 Latin 39 0 47 x	# x [78 ]a
g 3 0,255,0,255,0,0,0,0,0,0 Latin 19 0 48 g	# g [67 ]a
W 5 0,255,0,255,0,0,0,0,0,0 Latin 50 0 49 W	# W [57 ]A
w 3 0,255,0,255,0,0,0,0,0,0 Latin 49 0 50 w	# w [77 ]a
t 3 0,255,0,255,0,0,0,0,0,0 Latin 26 0 51 t	# t [74 ]a
h 3 0,255,0,255,0,0,0,0,0,0 Latin 43 0 52 h	# h [68 ]a
V 5 0,255,0,255,0,0,0,0,0,0 Latin 53 0 53 V	# V [56 ]A
) 16 0,255,0,255,0,0,0,0,0,0 Common 54 10 55 )	# ) [29 ]p
( 16 0,255,0,255,0,0,0,0,0,0 Common 55 10 54 (	# ( [28 ]p
6 8 0,255,0,255,0,0,0,0,0,0 Common 56 2 56 6	# 6 [36 ]0
2 8 0,255,0,255,0,0,0,0,0,0 Common 57 2 57 2	# 2 [32 ]0
3 8 0,255,0,255,0,0,0,0,0,0 Common 58 2 58 3	# 3 [33 ]0
7 8 0,255,0,255,0,0,0,0,0,0 Common 59 2 59 7	# 7 [37 ]0
9 8 0,255,0,255,0,0,0,0,0,0 Common 60 2 60 9	# 9 [39 ]0
, 16 0,255,0,255,0,0,0,0,0,0 Common 61 6 61 ,	# , [2c ]p
[ 16 0,255,0,255,0,0,0,0,0,0 Common 62 10 63 [	# [ [5b ]p
] 16 0,255,0,255,0,0,0,0,0,0 Common 63 10 62 ]	# ] [5d ]p
- 16 0,255,0,255,0,0,0,0,0,0 Common 64 3 64 -	# - [2d ]p
| 0 0,255,0,255,0,0,0,0,0,0 Common 65 10 65 |	# | [7c ]
k 3 0,255,0,255,0,0,0,0,0,0 Latin 66 0 66 k	# k [6b ]a
= 0 0,255,0,255,0,0,0,0,0,0 Common 67 10 67 =	# = [3d ]
u 3 0,255,0,255,0,0,0,0,0,0 Latin 41 0 68 u	# u [75 ]a
— 16 0,255,0,255,0,0,0,0,0,0 Common 69 10 69 -	# — [2014 ]p
